TradeSeq TradeDate DeliveryMonth SettlePrice
1 870102 8703 246.75
2 870105 8703 253.25
3 870106 8703 253.55
4 870107 8703 256.25
5 870108 8703 257.3
6 870109 8703 259.5
7 870112 8703 260.75
8 870113 8703 261.35
9 870114 8703 263.3
10 870115 8703 266.95
11 870116 8703 266.7
12 870119 8703 271.4
13 870120 8703 269.4
14 870121 8703 268.9
15 870122 8703 276.4
16 870123 8703 269.3
17 870126 8703 271.35
18 870127 8703 274.45
19 870128 8703 277.55
20 870129 8703 275.15
21 870130 8703 274.15
22 870202 8703 277.35
23 870203 8703 276.35
24 870204 8703 280.7
25 870205 8703 282.35
26 870206 8703 281.2
27 870209 8703 279.35
28 870210 8703 275.85
29 870211 8703 277.65
30 870212 8703 276.75
31 870213 8703 282.05
32 870217 8703 287.05
33 870218 8703 286.7
34 870219 8703 286.2
35 870220 8703 285.65
36 870223 8703 282.85
37 870224 8703 282.45
38 870225 8703 283.9
39 870226 8703 283.55
40 870227 8703 283.55
41 870302 8703 283.6
42 870303 8703 284.1
43 870304 8703 289
44 870305 8703 290.2
45 870306 8703 291.2
46 870309 8703 288.4
47 870310 8703 290.9
48 870311 8703 289.95
49 870312 8703 290.85
50 870313 8703 289.45
51 870316 8703 287.85
52 870317 8703 293.3
53 870318 8703 292.65
54 870319 8703 294.2
55 870320 8703 298.17
57 870324 8803 308.55
58 870325 8803 308.55
59 870326 8803 308.5
60 870327 8803 302.3
61 870330 8803 295.4
62 870331 8803 296.15
63 870401 8803 299.3
64 870402 8803 298.4
65 870403 8803 308.55
66 870406 8803 309.3
67 870407 8803 301.45
68 870408 8803 305.5
69 870409 8803 300.45
70 870410 8803 298.7
71 870413 8803 289.8
72 870414 8803 284.9
73 870415 8803 290.4
74 870416 8803 293.7
75 870420 8803 292.25
76 870421 8803 299.8
77 870422 8803 291.65
78 870423 8803 292.85
79 870424 8803 285.9
80 870427 8803 285.6
81 870428 8803 288.75
82 870429 8803 290.35
83 870430 8803 294.7
84 870501 8803 295.2
85 870504 8803 297.1
86 870505 8803 301.9
87 870506 8803 302.2
88 870507 8803 300.65
89 870508 8803 301.15
90 870511 8803 297.8
91 870512 8803 300.95
92 870513 8803 301.25
93 870514 8803 301.2
94 870515 8803 293.95
95 870518 8803 293.9
96 870519 8803 285.65
97 870520 8803 286.25
98 870521 8803 287.15
99 870522 8803 288.15
100 870526 8803 296.8
101 870527 8803 295.7
102 870528 8803 298.45
103 870529 8803 295.7
104 870601 8803 297.1
105 870602 8803 294.5
106 870603 8803 300.9
107 870604 8803 301.4
108 870605 8803 299.2
109 870608 8803 302.45
110 870609 8803 303.8
111 870610 8803 303.1
112 870611 8803 305.6
113 870612 8803 308.3
114 870615 8803 310.2
115 870616 8803 311.6
116 870617 8803 311.8
117 870618 8803 312.75
118 870619 8803 313.2
119 870622 8803 316.95
120 870623 8803 315.15
121 870624 8803 313.65
122 870625 8803 315.3
123 870626 8803 315.1
124 870629 8803 314.3
125 870630 8803 308
126 870701 8803 309.3
127 870702 8803 311.5
128 870706 8803 310.65
129 870707 8803 314.45
130 870708 8803 315.4
131 870709 8803 313.45
132 870710 8803 314.05
133 870713 8803 314.05
134 870714 8803 316.6
135 870715 8803 316.85
136 870716 8803 318.8
137 870717 8803 319.6
138 870720 8803 317.5
139 870721 8803 314.85
140 870722 8803 314.85
141 870723 8803 314.15
142 870724 8803 315.2
143 870727 8803 316.6
144 870728 8803 318
145 870729 8803 322
146 870730 8803 324.55
147 870731 8803 325.25
148 870803 8803 324
149 870804 8803 322.55
150 870805 8803 324.35
151 870806 8803 328.35
152 870807 8803 330.2
153 870810 8803 334.6
154 870811 8803 340.3
155 870812 8803 340.05
156 870813 8803 341.45
157 870814 8803 341.65
158 870817 8803 341.3
159 870818 8803 335.7
160 870819 8803 336.95
161 870820 8803 342.2
162 870821 8803 341.6
163 870824 8803 340.9
164 870825 8803 344
165 870826 8803 341.6
166 870827 8803 337.7
167 870828 8803 333.2
168 870831 8803 336.6
169 870901 8803 329.2
170 870902 8803 328.35
171 870903 8803 325.45
172 870904 8803 320.95
173 870908 8803 319.6
174 870909 8803 319.7
175 870910 8803 322.95
176 870911 8803 327.9
177 870914 8803 327.95
178 870915 8803 322.8
179 870916 8803 319.35
180 870917 8803 320.9
181 870918 8803 321.45
182 870921 8803 316.3
183 870922 8803 327.2
184 870923 8803 328.1
185 870924 8803 325.65
186 870925 8803 327.65
187 870928 8803 329.75
188 870929 8803 328.1
189 870930 8803 329.2
190 871001 8803 335.15
191 871002 8803 335
192 871005 8803 334.4
193 871006 8803 323.4
194 871007 8803 324.2
195 871008 8803 319.45
196 871009 8803 315.8
197 871012 8803 315.1
198 871013 8803 319.25
199 871014 8803 308.65
200 871015 8803 301.8
201 871016 8803 285.45
202 871019 8803 204.1
203 871020 8803 218.65
204 871021 8803 260.25
205 871022 8803 246.5
206 871023 8803 242.85
207 871026 8803 222
208 871027 8803 229.75
209 871028 8803 232.45
210 871029 8803 247
211 871030 8803 260.8
212 871102 8803 259.1
213 871103 8803 251.5
214 871104 8803 251.5
215 871105 8803 256.8
216 871106 8803 250.5
217 871109 8803 247
218 871110 8803 240.7
219 871111 8803 243.5
220 871112 8803 250.95
221 871113 8803 249
222 871116 8803 249.6
223 871117 8803 244.1
224 871118 8803 247.75
225 871119 8803 239.9
226 871120 8803 242.9
227 871123 8803 245.1
228 871124 8803 247.15
229 871125 8803 245.3
230 871127 8803 238.05
231 871130 8803 232.95
232 871201 8803 232.8
233 871202 8803 233.9
234 871203 8803 224.35
235 871204 8803 226.3
236 871207 8803 230.35
237 871208 8803 235.55
238 871209 8803 240.45
239 871210 8803 235.05
240 871211 8803 236.15
241 871214 8803 244.8
242 871215 8803 245.5
243 871216 8803 248.65
244 871217 8803 244.3
245 871218 8803 248.45
246 871221 8803 252.35
247 871222 8803 251.85
248 871223 8803 254.7
249 871224 8803 253.3
250 871228 8803 246.3
251 871229 8803 246.3
252 871230 8803 250.2
253 871231 8803 246.75
1 870102 8706 247.55
2 870105 8706 254
3 870106 8706 254.4
4 870107 8706 257.1
5 870108 8706 258.2
6 870109 8706 260.45
7 870112 8706 261.75
8 870113 8706 262.3
9 870114 8706 264.3
10 870115 8706 268.15
11 870116 8706 267.9
12 870119 8706 272.7
13 870120 8706 270.65
14 870121 8706 270.2
15 870122 8706 277.8
16 870123 8706 271.05
17 870126 8706 273.1
18 870127 8706 276.2
19 870128 8706 279.3
20 870129 8706 276.75
21 870130 8706 275.5
22 870202 8706 278.75
23 870203 8706 277.7
24 870204 8706 282.15
25 870205 8706 283.95
26 870206 8706 282.8
27 870209 8706 280.95
28 870210 8706 277.25
29 870211 8706 279
30 870212 8706 278.15
31 870213 8706 283.5
32 870217 8706 288.5
33 870218 8706 288.3
34 870219 8706 287.75
35 870220 8706 287.3
36 870223 8706 284.25
37 870224 8706 284
38 870225 8706 285.45
39 870226 8706 285.15
40 870227 8706 285.15
41 870302 8706 285.2
42 870303 8706 285.75
43 870304 8706 290.7
44 870305 8706 292.05
45 870306 8706 293.05
46 870309 8706 290.15
47 870310 8706 292.65
48 870311 8706 291.65
49 870312 8706 292.65
50 870313 8706 291.2
51 870316 8706 289.65
52 870317 8706 295.25
53 870318 8706 294.55
54 870319 8706 296
55 870320 8706 299.8
56 870323 8706 304.15
57 870324 8706 304.2
58 870325 8706 303.6
59 870326 8706 303.4
60 870327 8706 297.35
61 870330 8706 290.45
62 870331 8706 291.25
63 870401 8706 294.55
64 870402 8706 293.6
65 870403 8706 303.45
66 870406 8706 304.05
67 870407 8706 296.4
68 870408 8706 300.3
69 870409 8706 295.05
70 870410 8706 293.4
71 870413 8706 284.55
72 870414 8706 280
73 870415 8706 285.2
74 870416 8706 288.9
75 870420 8706 287.4
76 870421 8706 295
77 870422 8706 286.35
78 870423 8706 287.6
79 870424 8706 280.95
80 870427 8706 280.5
81 870428 8706 283.8
82 870429 8706 285.3
83 870430 8706 289.45
84 870501 8706 289.9
85 870504 8706 291.7
86 870505 8706 296.3
87 870506 8706 296.25
88 870507 8706 294.4
89 870508 8706 294.65
90 870511 8706 291.15
91 870512 8706 294.45
92 870513 8706 294.75
93 870514 8706 294.65
94 870515 8706 287.35
95 870518 8706 287.1
96 870519 8706 279.15
97 870520 8706 279.85
98 870521 8706 280.7
99 870522 8706 281.8
100 870526 8706 289.6
101 870527 8706 289.3
102 870528 8706 292.15
103 870529 8706 289.45
104 870601 8706 291
105 870602 8706 288.6
106 870603 8706 294.55
107 870604 8706 295.2
108 870605 8706 293.25
109 870608 8706 296.35
110 870609 8706 297.75
111 870610 8706 297.25
112 870611 8706 299.55
113 870612 8706 302
114 870615 8706 303.75
115 870616 8706 305.05
116 870617 8706 305.5
117 870618 8706 306.05
124 870629 8806 316.4
125 870630 8806 310.1
126 870701 8806 311.3
127 870702 8806 313.6
128 870706 8806 312.75
129 870707 8806 316.6
130 870708 8806 317.6
131 870709 8806 315.65
132 870710 8806 316.25
133 870713 8806 316.25
134 870714 8806 318.8
135 870715 8806 319.05
136 870716 8806 321
137 870717 8806 321.8
138 870720 8806 319.7
139 870721 8806 317.25
140 870722 8806 317.25
141 870723 8806 316.55
142 870724 8806 317.65
143 870727 8806 319.05
144 870728 8806 320.45
145 870729 8806 324.45
146 870730 8806 326.9
147 870731 8806 327.6
148 870803 8806 326.45
149 870804 8806 325
150 870805 8806 326.8
151 870806 8806 330.8
152 870807 8806 332.65
153 870810 8806 337.05
154 870811 8806 343
155 870812 8806 342.75
156 870813 8806 344.2
157 870814 8806 344.55
158 870817 8806 344.1
159 870818 8806 338.3
160 870819 8806 339.75
161 870820 8806 345
162 870821 8806 344.4
163 870824 8806 343.7
164 870825 8806 346.8
165 870826 8806 344.4
166 870827 8806 340.5
167 870828 8806 336
168 870831 8806 339.4
169 870901 8806 332
170 870902 8806 331.1
171 870903 8806 328.4
172 870904 8806 323.8
173 870908 8806 322.5
174 870909 8806 322.6
175 870910 8806 325.95
176 870911 8806 331
177 870914 8806 330.95
178 870915 8806 325.8
179 870916 8806 322.35
180 870917 8806 324
181 870918 8806 324.45
182 870921 8806 319.35
183 870922 8806 330.2
184 870923 8806 331.1
185 870924 8806 328.85
186 870925 8806 330.85
187 870928 8806 333.1
188 870929 8806 331.3
189 870930 8806 332.45
190 871001 8806 338.6
191 871002 8806 338.6
192 871005 8806 338
193 871006 8806 327.1
194 871007 8806 327.95
195 871008 8806 323.05
196 871009 8806 318.5
197 871012 8806 318.6
198 871013 8806 322.8
199 871014 8806 312.15
200 871015 8806 305.5
201 871016 8806 288.75
202 871019 8806 207.65
203 871020 8806 222
204 871021 8806 263
205 871022 8806 249
206 871023 8806 245.45
207 871026 8806 224.1
208 871027 8806 231.6
209 871028 8806 234
210 871029 8806 248.5
211 871030 8806 262.75
212 871102 8806 261.2
213 871103 8806 253.5
214 871104 8806 253.5
215 871105 8806 258.7
216 871106 8806 252.3
217 871109 8806 248.75
218 871110 8806 242.5
219 871111 8806 245.3
220 871112 8806 252.75
221 871113 8806 250.8
222 871116 8806 251.4
223 871117 8806 245.6
224 871118 8806 249.3
225 871119 8806 241.4
226 871120 8806 244
227 871123 8806 246.3
228 871124 8806 248.45
229 871125 8806 246.6
230 871127 8806 238.8
231 871130 8806 234.2
232 871201 8806 234.1
233 871202 8806 235.3
234 871203 8806 225.35
235 871204 8806 227.2
236 871207 8806 231.4
237 871208 8806 236.85
238 871209 8806 241.6
239 871210 8806 236.15
240 871211 8806 237.3
241 871214 8806 246.35
242 871215 8806 246.6
243 871216 8806 250.25
244 871217 8806 245.8
245 871218 8806 250
246 871221 8806 253.8
247 871222 8806 253.4
248 871223 8806 256.4
249 871224 8806 254.95
250 871228 8806 247.9
251 871229 8806 247.85
252 871230 8806 251.85
253 871231 8806 248.35
1 870102 8709 248.35
2 870105 8709 254.8
3 870106 8709 255.15
4 870107 8709 258.05
5 870108 8709 258.9
6 870109 8709 261.15
7 870112 8709 262.5
8 870113 8709 263.05
9 870114 8709 265.2
10 870115 8709 269
11 870116 8709 268.75
12 870119 8709 273.55
13 870120 8709 271.7
14 870121 8709 271.3
15 870122 8709 278.95
16 870123 8709 272.3
17 870126 8709 274.4
18 870127 8709 277.6
19 870128 8709 280.75
20 870129 8709 278.15
21 870130 8709 276.7
22 870202 8709 279.95
23 870203 8709 278.9
24 870204 8709 283.35
25 870205 8709 285.2
26 870206 8709 284.1
27 870209 8709 282.25
28 870210 8709 278.55
29 870211 8709 280.2
30 870212 8709 279.3
31 870213 8709 284.65
32 870217 8709 289.85
33 870218 8709 289.6
34 870219 8709 289.05
35 870220 8709 288.55
36 870223 8709 285.5
37 870224 8709 285
38 870225 8709 286.65
39 870226 8709 286.45
40 870227 8709 286.45
41 870302 8709 286.55
42 870303 8709 287.2
43 870304 8709 292.05
44 870305 8709 293.4
45 870306 8709 294.4
46 870309 8709 291.5
47 870310 8709 294.1
48 870311 8709 293.05
49 870312 8709 294.1
50 870313 8709 292.55
51 870316 8709 291
52 870317 8709 296.75
53 870318 8709 296
54 870319 8709 297.55
55 870320 8709 301.45
56 870323 8709 305.9
57 870324 8709 306
58 870325 8709 305.45
59 870326 8709 305.35
60 870327 8709 299.1
61 870330 8709 292.4
62 870331 8709 293.15
63 870401 8709 296.4
64 870402 8709 295.5
65 870403 8709 305.45
66 870406 8709 306
67 870407 8709 298.25
68 870408 8709 302.2
69 870409 8709 297.05
70 870410 8709 295.15
71 870413 8709 286.55
72 870414 8709 281.8
73 870415 8709 287
74 870416 8709 290.6
75 870420 8709 289.15
76 870421 8709 296.9
77 870422 8709 288.25
78 870423 8709 289.5
79 870424 8709 282.85
80 870427 8709 282.2
81 870428 8709 285.5
82 870429 8709 287.05
83 870430 8709 291.3
84 870501 8709 291.7
85 870504 8709 293.6
86 870505 8709 298.3
87 870506 8709 298.4
88 870507 8709 296.65
89 870508 8709 296.95
90 870511 8709 293.65
91 870512 8709 296.8
92 870513 8709 297.1
93 870514 8709 297.1
94 870515 8709 289.75
95 870518 8709 289.45
96 870519 8709 281.3
97 870520 8709 282
98 870521 8709 282.9
99 870522 8709 283.9
100 870526 8709 291.75
101 870527 8709 291.4
102 870528 8709 294.3
103 870529 8709 291.5
104 870601 8709 293
105 870602 8709 290.5
106 870603 8709 296.5
107 870604 8709 297.1
108 870605 8709 295.15
109 870608 8709 298.15
110 870609 8709 299.45
111 870610 8709 299
112 870611 8709 301.4
113 870612 8709 303.9
114 870615 8709 305.95
115 870616 8709 307.2
116 870617 8709 307.55
117 870618 8709 308.45
118 870619 8709 308.9
119 870622 8709 312.75
120 870623 8709 310.9
121 870624 8709 309.3
122 870625 8709 310.85
123 870626 8709 310.75
124 870629 8709 309.85
125 870630 8709 303.55
126 870701 8709 304.8
127 870702 8709 306.95
128 870706 8709 306.15
129 870707 8709 310
130 870708 8709 310.75
131 870709 8709 308.85
132 870710 8709 309.45
133 870713 8709 309.45
134 870714 8709 311.9
135 870715 8709 312.2
136 870716 8709 314.2
137 870717 8709 314.9
138 870720 8709 312.7
139 870721 8709 309.9
140 870722 8709 309.95
141 870723 8709 309.15
142 870724 8709 310.3
143 870727 8709 311.55
144 870728 8709 313
145 870729 8709 317.05
146 870730 8709 319.7
147 870731 8709 320.2
148 870803 8709 318.9
149 870804 8709 317.4
150 870805 8709 319.25
151 870806 8709 323.25
152 870807 8709 325.15
153 870810 8709 329.45
154 870811 8709 334.9
155 870812 8709 334.5
156 870813 8709 335.95
157 870814 8709 336.05
158 870817 8709 335.75
159 870818 8709 330.3
160 870819 8709 331.5
161 870820 8709 336.7
162 870821 8709 336
163 870824 8709 335.3
164 870825 8709 338.4
165 870826 8709 336
166 870827 8709 332
167 870828 8709 327.5
168 870831 8709 330.85
169 870901 8709 323.35
170 870902 8709 322.8
171 870903 8709 319.9
172 870904 8709 315.35
173 870908 8709 314.1
174 870909 8709 314.1
175 870910 8709 317.2
176 870911 8709 322
177 870914 8709 322
178 870915 8709 317
179 870916 8709 313.6
180 870917 8709 314.85
182 870921 8809 322.3
183 870922 8809 333.2
184 870923 8809 334.1
185 870924 8809 331.65
186 870925 8809 333.2
187 870928 8809 335.25
188 870929 8809 333.8
189 870930 8809 335.4
190 871001 8809 341.6
191 871002 8809 341.85
192 871005 8809 340.95
193 871006 8809 330.8
194 871007 8809 330.8
195 871008 8809 326.5
196 871009 8809 321.75
197 871012 8809 321.55
198 871013 8809 325.3
199 871014 8809 315
200 871015 8809 308.5
201 871016 8809 291.75
202 871019 8809 210.65
203 871020 8809 225.5
204 871021 8809 266.5
205 871022 8809 253
206 871023 8809 249.5
207 871026 8809 228
208 871027 8809 235.4
209 871028 8809 237.5
210 871029 8809 252
211 871030 8809 266.5
212 871102 8809 265.1
213 871103 8809 256.95
214 871104 8809 257.4
215 871105 8809 262.1
216 871106 8809 255.7
217 871109 8809 252.1
218 871110 8809 244.8
219 871111 8809 248
220 871112 8809 255.3
221 871113 8809 253.4
222 871116 8809 254.1
223 871117 8809 248.5
224 871118 8809 250.9
225 871119 8809 244
226 871120 8809 246.5
227 871123 8809 247.6
228 871124 8809 251.2
229 871125 8809 249.5
230 871127 8809 240.6
231 871130 8809 235.7
232 871201 8809 236
233 871202 8809 238
234 871203 8809 226.9
235 871204 8809 228.7
236 871207 8809 234
237 871208 8809 239.3
238 871209 8809 244.5
239 871210 8809 238.45
240 871211 8809 239.8
241 871214 8809 249.3
242 871215 8809 248.4
243 871216 8809 253.6
244 871217 8809 248.5
245 871218 8809 252.5
246 871221 8809 256.5
247 871222 8809 254.9
248 871223 8809 257.9
249 871224 8809 256.4
250 871228 8809 249.6
251 871229 8809 249.5
252 871230 8809 253.4
253 871231 8809 249.75
1 870102 8712 249.15
2 870105 8712 255.6
3 870106 8712 256
4 870107 8712 258.75
5 870108 8712 259.7
6 870109 8712 261.95
7 870112 8712 263.25
8 870113 8712 263.85
9 870114 8712 265.8
10 870115 8712 269.8
11 870116 8712 269.6
12 870119 8712 274.4
13 870120 8712 272.5
14 870121 8712 272.1
15 870122 8712 279.85
16 870123 8712 274.6
17 870126 8712 276.25
18 870127 8712 279.4
19 870128 8712 281.9
20 870129 8712 278.8
21 870130 8712 277.8
22 870202 8712 281.15
23 870203 8712 280.1
24 870204 8712 284.55
25 870205 8712 286.45
26 870206 8712 285.35
27 870209 8712 283.55
28 870210 8712 279.85
29 870211 8712 281.4
30 870212 8712 280.5
31 870213 8712 285.75
32 870217 8712 291
33 870218 8712 290.75
34 870219 8712 290.15
35 870220 8712 289.8
36 870223 8712 286.75
37 870224 8712 286.2
38 870225 8712 287.85
39 870226 8712 287.75
40 870227 8712 287.75
41 870302 8712 287.85
42 870303 8712 288.5
43 870304 8712 293.35
44 870305 8712 294.7
45 870306 8712 295.5
46 870309 8712 292.7
47 870310 8712 295.4
48 870311 8712 294.35
49 870312 8712 295.4
50 870313 8712 293.5
51 870316 8712 292
52 870317 8712 298
53 870318 8712 297.3
54 870319 8712 298.8
55 870320 8712 302.75
56 870323 8712 307
57 870324 8712 307.35
58 870325 8712 307.35
59 870326 8712 307.3
60 870327 8712 301.1
61 870330 8712 294.2
62 870331 8712 294.95
63 870401 8712 298.1
64 870402 8712 297.2
65 870403 8712 307.35
66 870406 8712 308
67 870407 8712 300.15
68 870408 8712 304.2
69 870409 8712 298.75
70 870410 8712 297
71 870413 8712 288.1
72 870414 8712 283.4
73 870415 8712 288.9
74 870416 8712 292.35
75 870420 8712 290.9
76 870421 8712 298.6
77 870422 8712 290.05
78 870423 8712 291.25
79 870424 8712 284.35
80 870427 8712 284.1
81 870428 8712 287.25
82 870429 8712 288.75
83 870430 8712 293.1
84 870501 8712 293.6
85 870504 8712 295.5
86 870505 8712 300.3
87 870506 8712 300.6
88 870507 8712 298.85
89 870508 8712 299.25
90 870511 8712 295.8
91 870512 8712 299
92 870513 8712 299.3
93 870514 8712 299.3
94 870515 8712 291.95
95 870518 8712 291.9
96 870519 8712 283.65
97 870520 8712 284.25
98 870521 8712 285.15
99 870522 8712 286.15
100 870526 8712 294.1
101 870527 8712 293.7
102 870528 8712 296.5
103 870529 8712 293.75
104 870601 8712 295.1
105 870602 8712 292.5
106 870603 8712 298.8
107 870604 8712 299.4
108 870605 8712 297.35
109 870608 8712 300.55
110 870609 8712 301.7
111 870610 8712 301.1
112 870611 8712 303.6
113 870612 8712 306.1
114 870615 8712 308.2
115 870616 8712 309.45
116 870617 8712 309.75
117 870618 8712 310.7
118 870619 8712 311.2
119 870622 8712 315
120 870623 8712 313.1
121 870624 8712 311.55
122 870625 8712 313.15
123 870626 8712 313
124 870629 8712 312.15
125 870630 8712 305.95
126 870701 8712 307.15
127 870702 8712 309.3
128 870706 8712 308.45
129 870707 8712 312.4
130 870708 8712 313.2
131 870709 8712 311.25
132 870710 8712 311.85
133 870713 8712 311.85
134 870714 8712 314.35
135 870715 8712 314.6
136 870716 8712 316.55
137 870717 8712 317.3
138 870720 8712 315.15
139 870721 8712 312.45
140 870722 8712 312.45
141 870723 8712 311.75
142 870724 8712 312.9
143 870727 8712 314.15
144 870728 8712 315.55
145 870729 8712 319.6
146 870730 8712 322.2
147 870731 8712 322.8
148 870803 8712 321.5
149 870804 8712 320.1
150 870805 8712 321.85
151 870806 8712 325.9
152 870807 8712 327.75
153 870810 8712 332.15
154 870811 8712 337.65
155 870812 8712 337.25
156 870813 8712 338.7
157 870814 8712 338.85
158 870817 8712 338.5
159 870818 8712 333.05
160 870819 8712 334.3
161 870820 8712 339.5
162 870821 8712 338.85
163 870824 8712 338.15
164 870825 8712 341.3
165 870826 8712 338.95
166 870827 8712 334.95
167 870828 8712 330.4
168 870831 8712 333.8
169 870901 8712 326.25
170 870902 8712 325.55
171 870903 8712 322.55
172 870904 8712 318
173 870908 8712 316.8
174 870909 8712 316.75
175 870910 8712 319.95
176 870911 8712 324.8
177 870914 8712 324.8
178 870915 8712 319.8
179 870916 8712 316.35
180 870917 8712 317.75
181 870918 8712 318.35
182 870921 8712 313.25
183 870922 8712 324
184 870923 8712 324.9
185 870924 8712 322.4
186 870925 8712 324.35
187 870928 8712 326.4
188 870929 8712 324.7
189 870930 8712 325.85
190 871001 8712 331.7
191 871002 8712 331.35
192 871005 8712 330.8
193 871006 8712 319.85
194 871007 8712 320.65
195 871008 8712 315.8
196 871009 8712 312.2
197 871012 8712 311.6
198 871013 8712 315.65
199 871014 8712 305
200 871015 8712 298.25
201 871016 8712 282.25
202 871019 8712 201.5
203 871020 8712 216.25
204 871021 8712 258.25
205 871022 8712 244.5
206 871023 8712 241
207 871026 8712 220.25
208 871027 8712 228.6
209 871028 8712 231.25
210 871029 8712 245.7
211 871030 8712 259.35
212 871102 8712 257.75
213 871103 8712 250.15
214 871104 8712 250.15
215 871105 8712 255.4
216 871106 8712 249.1
217 871109 8712 245.6
218 871110 8712 239.4
219 871111 8712 242.2
220 871112 8712 249.6
221 871113 8712 247.6
222 871116 8712 248.2
223 871117 8712 242.7
224 871118 8712 246.55
225 871119 8712 238.8
226 871120 8712 241.9
227 871123 8712 244.1
228 871124 8712 246.15
229 871125 8712 244.3
230 871127 8712 237
231 871130 8712 232
232 871201 8712 231.85
233 871202 8712 233.05
234 871203 8712 223.6
235 871204 8712 225.55
236 871207 8712 229.5
237 871208 8712 234.65
238 871209 8712 239.65
239 871210 8712 234.35
240 871211 8712 235.45
241 871214 8712 244
242 871215 8712 244.55
243 871216 8712 247.5
244 871217 8712 243.15
